layout_spectrum: 0.2462635
typography_spectrum: 0.4677019
color:
  saturation: 0.4429899
  lightness: 0.1651024
  brandStrength: 0.5088398
  rhythmicContrast: 0.130738
name: Kids
